#V3.30.16.00;_2020_09_03;_safe;_Stock_Synthesis_by_Richard_Methot_(NOAA)_using_ADMB_12.2
#Stock Synthesis (SS) is a work of the U.S. Government and is not subject to copyright protection in the United States.
#California Quillback Rockfish 2021 assessment (Brian Langseth, Chantel Wetzel, Jason Cope)
#Foreign copyrights may apply. See copyright.txt for more information.
1916 #_StartYr
2020 #_EndYr
1 #_Nseas
12 #_months/season
2 #_Nsubseasons (even number, minimum is 2)
1 #_spawn_month
-1 #_Ngenders: 1, 2, -1  (use -1 for 1 sex setup with SSB multiplied by female_frac parameter)
90 #_Nages=accumulator age, first age is always age 0
1 #_Nareas
2 #_Nfleets (including surveys)
#_fleet_type: 1=catch fleet; 2=bycatch only fleet; 3=survey; 4=ignore 
#_sample_timing: -1 for fishing fleet to use season-long catch-at-age for observations, or 1 to use observation month;  (always 1 for surveys)
#_fleet_area:  area the fleet/survey operates in 
#_units of catch:  1=bio; 2=num (ignored for surveys; their units read later)
#_catch_mult: 0=no; 1=yes
#_rows are fleets
#_fleet_type fishery_timing area catch_units need_catch_mult fleetname
 1 -1 1 1 0 CA_Commercial  # 1
 1 -1 1 1 0 CA_Recreational  # 2
#yr, seas, fleet, catch, catch_se
1916	1	1	0.01597773	0.05
1917	1	1	0.031955459	0.05
1918	1	1	0.07424945	0.05
1919	1	1	0.016917596	0.05
1920	1	1	0.023026728	0.05
1921	1	1	0.034775058	0.05
1922	1	1	0.025846327	0.05
1923	1	1	0.008458798	0.05
1924	1	1	0.023026728	0.05
1925	1	1	0.075189316	0.05
1926	1	1	0.07424945	0.05
1927	1	1	0.140979968	0.05
1928	1	1	0.121712706	0.05
1929	1	1	0.114663707	0.05
1930	1	1	0.182804025	0.05
1931	1	1	0.249534542	0.05
1932	1	1	0.184683757	0.05
1933	1	1	0.139570168	0.05
1934	1	1	0.125942105	0.05
1935	1	1	0.232616946	0.05
1936	1	1	0.223218282	0.05
1937	1	1	0.154138097	0.05
1938	1	1	0.210530084	0.05
1939	1	1	0.20395102	0.05
1940	1	1	0.079888649	0.05
1941	1	1	0.138160368	0.05
1942	1	1	0.134870836	0.05
1943	1	1	0.180924291	0.05
1944	1	1	0.922948853	0.05
1945	1	1	2.269307543	0.05
1946	1	1	2.375512451	0.05
1947	1	1	0.47933189	0.05
1948	1	1	0.999970536	0.05
1949	1	1	0.352786221	0.05
1950	1	1	0.180837502	0.05
1951	1	1	0.327336604	0.05
1952	1	1	0.275095495	0.05
1953	1	1	0.158553796	0.05
1954	1	1	0.397114765	0.05
1955	1	1	0.016545042	0.05
1956	1	1	0.036216899	0.05
1957	1	1	0.063760728	0.05
1958	1	1	0.0997039	0.05
1959	1	1	0.045711823	0.05
1960	1	1	0.020040156	0.05
1961	1	1	0.018833608	0.05
1962	1	1	0.018198645	0.05
1963	1	1	0.064083468	0.05
1964	1	1	0.033251459	0.05
1965	1	1	0.098238484	0.05
1966	1	1	0.038628319	0.05
1967	1	1	0.079669353	0.05
1968	1	1	0.070350342	0.05
1969	1	1	0	0.05
1970	1	1	0	0.05
1971	1	1	0	0.05
1972	1	1	0	0.05
1973	1	1	0	0.05
1974	1	1	0	0.05
1975	1	1	0	0.05
1976	1	1	0	0.05
1977	1	1	0	0.05
1978	1	1	0.117483306	0.05
1979	1	1	0.0014098	0.05
1980	1	1	0	0.05
1981	1	1	0.560769738	0.05
1982	1	1	0.560769738	0.05
1983	1	1	0.560769738	0.05
1984	1	1	3.166101714	0.05
1985	1	1	0	0.05
1986	1	1	0.079623605	0.05
1987	1	1	0.147555615	0.05
1988	1	1	0.28968393	0.05
1989	1	1	1.869359815	0.05
1990	1	1	1.324631209	0.05
1991	1	1	51.16855475	0.05
1992	1	1	6.162562774	0.05
1993	1	1	4.915106633	0.05
1994	1	1	19.86694183	0.05
1995	1	1	9.628111345	0.05
1996	1	1	12.008546	0.05
1997	1	1	19.63600311	0.05
1998	1	1	12.2994067	0.05
1999	1	1	8.472998758	0.05
2000	1	1	6.509704666	0.05
2001	1	1	12.5024889	0.05
2002	1	1	4.782491045	0.05
2003	1	1	2.04076866	0.05
2004	1	1	2.459033234	0.05
2005	1	1	4.895307	0.05
2006	1	1	4.417812192	0.05
2007	1	1	6.604505303	0.05
2008	1	1	6.327016331	0.05
2009	1	1	1.160141854	0.05
2010	1	1	0.879218981	0.05
2011	1	1	0.948879137	0.05
2012	1	1	1.687551201	0.05
2013	1	1	0.679317023	0.05
2014	1	1	0.451216744	0.05
2015	1	1	1.123621587	0.05
2016	1	1	0.979555829	0.05
2017	1	1	2.760521393	0.05
2018	1	1	2.728874524	0.05
2019	1	1	4.564606842	0.05
2020	1	1	4.36246953	0.05

1928	1	2	0.061	0.05
1929	1	2	0.122	0.05
1930	1	2	0.14	0.05
1931	1	2	0.187	0.05
1932	1	2	0.234	0.05
1933	1	2	0.28	0.05
1934	1	2	0.327	0.05
1935	1	2	0.373	0.05
1936	1	2	0.42	0.05
1937	1	2	0.498	0.05
1938	1	2	0.49	0.05
1939	1	2	0.428	0.05
1940	1	2	0.617	0.05
1941	1	2	0.57	0.05
1942	1	2	0.303	0.05
1943	1	2	0.29	0.05
1944	1	2	0.238	0.05
1945	1	2	0.317	0.05
1946	1	2	0.546	0.05
1947	1	2	0.432	0.05
1948	1	2	0.861	0.05
1949	1	2	1.116	0.05
1950	1	2	1.36	0.05
1951	1	2	1.655	0.05
1952	1	2	1.44	0.05
1953	1	2	1.227	0.05
1954	1	2	1.525	0.05
1955	1	2	1.818	0.05
1956	1	2	2.03	0.05
1957	1	2	2.015	0.05
1958	1	2	3.509	0.05
1959	1	2	2.629	0.05
1960	1	2	2.192	0.05
1961	1	2	1.588	0.05
1962	1	2	1.798	0.05
1963	1	2	2.675	0.05
1964	1	2	2.196	0.05
1965	1	2	3.732	0.05
1966	1	2	4.249	0.05
1967	1	2	4.758	0.05
1968	1	2	4.875	0.05
1969	1	2	5.474	0.05
1970	1	2	7.447	0.05
1971	1	2	6.619	0.05
1972	1	2	9.471	0.05
1973	1	2	10.234	0.05
1974	1	2	11.312	0.05
1975	1	2	11.268	0.05
1976	1	2	12.832	0.05
1977	1	2	13.564	0.05
1978	1	2	13.076	0.05
1979	1	2	14.021	0.05
1980	1	2	15.131	0.05
1981	1	2	4.888	0.05
1982	1	2	5.042	0.05
1983	1	2	39.996	0.05
1984	1	2	10.396	0.05
1985	1	2	12.252	0.05
1986	1	2	13.176	0.05
1987	1	2	5.511	0.05
1988	1	2	1.84	0.05
1989	1	2	9.713	0.05
1990	1	2	16.224	0.05
1991	1	2	22.734	0.05
1992	1	2	29.245	0.05
1993	1	2	35.756	0.05
1994	1	2	4.037	0.05
1995	1	2	3.032	0.05
1996	1	2	3.556	0.05
1997	1	2	3.347	0.05
1998	1	2	2.679	0.05
1999	1	2	5.336	0.05
2000	1	2	6.799	0.05
2001	1	2	3.602	0.05
2002	1	2	1.174	0.05
2003	1	2	11.884	0.05
2004	1	2	3.181	0.05
2005	1	2	5.697	0.05
2006	1	2	10.128	0.05
2007	1	2	12.711	0.05
2008	1	2	4.719	0.05
2009	1	2	5.719	0.05
2010	1	2	2.685	0.05
2011	1	2	4.499	0.05
2012	1	2	6.305	0.05
2013	1	2	2.894	0.05
2014	1	2	2.523	0.05
2015	1	2	7.426	0.05
2016	1	2	8.482	0.05
2017	1	2	9.762	0.05
2018	1	2	10.113	0.05
2019	1	2	11.459	0.05
2020	1	2	7.9734	0.05

-9999 0 0 0 0
#
 #_CPUE_and_surveyabundance_observations
#_Units:  0=numbers; 1=biomass; 2=F; 30=spawnbio; 31=recdev; 32=spawnbio*recdev; 33=recruitment; 34=depletion(&see Qsetup); 35=parm_dev(&see Qsetup)
#_Errtype:  -1=normal; 0=lognormal; >0=T
#_SD_Report: 0=no sdreport; 1=enable sdreport
#_Fleet Units Errtype SD_Report
1 1 0 0 # CA_Commercial
2 1 0 0 # CA_Recreational
#_yr month fleet obs stderr
-9999 1 1 1 1 # terminator for survey observations 
#
0 #_N_fleets_with_discard
#_discard_units (1=same_as_catchunits(bio/num); 2=fraction; 3=numbers)
#_discard_errtype:  >0 for DF of T-dist(read CV below); 0 for normal with CV; -1 for normal with se; -2 for lognormal; -3 for trunc normal with CV
# note, only have units and errtype for fleets with discard 
#_Fleet units errtype
# -9999 0 0 0.0 0.0 # terminator for discard data 
#
0 #_use meanbodysize_data (0/1)
#_COND_0 #_DF_for_meanbodysize_T-distribution_like
# note:  type=1 for mean length; type=2 for mean body weight 
#_yr month fleet part type obs stderr
#  -9999 0 0 0 0 0 0 # terminator for mean body size data 
#
# set up population length bin structure (note - irrelevant if not using size data and using empirical wtatage
2 # length bin method: 1=use databins; 2=generate from binwidth,min,max below; 3=read vector
2 # binwidth for population size comp 
4 # minimum size in the population (lower edge of first bin and size at age 0.00) 
58 # maximum size in the population (lower edge of last bin) 
1 # use length composition data (0/1)
#_mintailcomp: upper and lower distribution for females and males separately are accumulated until exceeding this level.
#_addtocomp:  after accumulation of tails; this value added to all bins
#_combM+F: males and females treated as combined gender below this bin number 
#_compressbins: accumulate upper tail by this number of bins; acts simultaneous with mintailcomp; set=0 for no forced accumulation
#_Comp_Error:  0=multinomial, 1=dirichlet
#_ParmSelect:  parm number for dirichlet
#_minsamplesize: minimum sample size; set to 1 to match 3.24, minimum value is 0.001
#
#_mintailcomp addtocomp combM+F CompressBins CompError ParmSelect minsamplesize
-1 0.0001 0 0 0 0 0.01 #_fleet:1_CA_Commercial
-1 0.0001 0 0 0 0 0.01 #_fleet:2_CA_Recreational
# sex codes:  0=combined; 1=use female only; 2=use male only; 3=use both as joint sexxlength distribution
# partition codes:  (0=combined; 1=discard; 2=retained
21 #_N_LengthBins; then enter lower edge of each length bin
 10 12 14 16 18 20 22 24 26 28 30 32 34 36 38 40 42 44 46 48 50
#_yr month fleet sex part Nsamp datavector(female-male)
-1978	1	1	0	0	1	0	0	0	0	0	0	0	0	0	0	0.25	0.25	0	0	0	0	0	0	0	0	0
-1984	1	1	0	0	1	0	0	0	0	0	0	0	0	0	0	0	0	0	0	0	0	0	0.5	0	0	0
-1987	1	1	0	0	1	0	0	0	0	0	0	0	0	0	0	0	0	0.5	0	0	0	0	0	0	0	0
1991	1	1	0	0	29	0	0	0	0	0	0	0	0.0144	0.0222	0.0306	0.0427	0.0616	0.0819	0.0848	0.062	0.0407	0.042	0.0128	0	0.0043	0
1992	1	1	0	0	68	0	0	0	0	0	0.0014	0.0094	0.0256	0.0245	0.0703	0.048	0.0622	0.1161	0.036	0.0408	0.0263	0.0172	0.0211	0.0012	0	0
1993	1	1	0	0	27	0	0	0	0	0.0092	0	0	0.0121	0.0305	0.0419	0.0541	0.081	0.0999	0.0697	0.0267	0.0331	0.0259	0	0.0159	0	0
1994	1	1	0	0	59	0	5.00E-04	0	6.00E-04	0.0022	0.0034	0.0028	0.0073	0.0157	0.0342	0.047	0.0786	0.0704	0.0846	0.0782	0.0302	0.0241	0.0102	0.0071	0.0031	0
1995	1	1	0	0	33	0	0	0	0	0	0.0025	0.0136	0.021	0.0325	0.0617	0.0641	0.0282	0.0179	0.145	0.0159	0.0559	0.0192	0.0171	0.0035	0.0021	0
1996	1	1	0	0	40	0	0	0	0	0	0.0081	0.0223	0.0365	0.044	0.076	0.0567	0.0699	0.068	0.0567	0.0343	0.0211	0.0064	0	2.00E-04	0	0
1997	1	1	0	0	42	0	0	0	0	0	0	0.0244	0.0232	0.0204	0.0362	0.0565	0.0622	0.047	0.1261	0.0401	0.0182	0.0213	0.0162	0.0078	3.00E-04	0
1998	1	1	0	0	5	0	0	0	0	0	0	0	0	0	0	0.0323	0.0295	0.0295	0.0886	0.0618	0.1937	0.0323	0.0323	0	0	0
1999	1	1	0	0	130	0	0	0	0	0	7.00E-04	0.025	0.0148	0.0254	0.0574	0.044	0.0763	0.058	0.0724	0.0578	0.0442	0.0167	0.0034	0.004	0	0
2000	1	1	0	0	18	0	0	0	0	0	0	0	0.0055	0.1224	0.0876	0.0455	0.0218	0.0346	0.1012	0.0346	0.0318	0.0055	0	0.0096	0	0
2001	1	1	0	0	77	0	0	0	0	0	0	0.0027	0.0027	0.0173	0.0431	0.0526	0.0584	0.1323	0.0639	0.0648	0.0394	0.0119	0.0082	0.0014	0	0.0014
2002	1	1	0	0	8	0	0	0	0	0	0	0	0.0208	0	0.0417	0.0417	0.0625	0.0625	0.1736	0.0208	0.0556	0.0208	0	0	0	0
2004	1	1	0	0	6	0	0	0	0	0	0	0	0	0	0	0.0233	0	0.0233	0.1599	0.2936	0	0	0	0	0	0
2005	1	1	0	0	4	0	0	0	0	0	0	0	0	0	0	0.0111	0.0222	0.0222	0.0554	0.2484	0.1408	0	0	0	0	0
2006	1	1	0	0	6	0	0	0	0	0	0	0	0	0	0.0263	0	0.0263	0.1579	0.1579	0.0789	0.0526	0	0	0	0	0
2007	1	1	0	0	39	0	0	0	0	0	0	0.003	0	0	0.0133	0.0277	0.0853	0.0883	0.1447	0.0922	0.0343	0.0112	0	0	0	0
2008	1	1	0	0	32	0	0	0	0	0	0	0	0	0	0	0.009	0.0269	0.0628	0.1618	0.1163	0.066	0.0474	0.0098	0	0	0
2009	1	1	0	0	15	0	0	0	0	0	0	0	0	0	0	0	0	0.0256	0.0769	0.141	0.2051	0.0256	0.0256	0	0	0
2010	1	1	0	0	8	0	0	0	0	0	0	0	0	0	0	0.0312	0.0312	0	0	0.0938	0.1562	0.0312	0.1562	0	0	0
2011	1	1	0	0	6	0	0	0	0	0	0	0	0	0	0	0	0	0	0	0.2143	0.0714	0.0714	0.1429	0	0	0
2012	1	1	0	0	12	0	0	0	0	0	0	0	0	0	0	0	0	0	0	0.0333	0.2333	0.1	0.1333	0	0	0
2013	1	1	0	0	7	0	0	0	0	0	0	0	0	0	0	0	0	0	0	0	0.0769	0.2692	0.0769	0.0385	0	0.0385
2014	1	1	0	0	6	0	0	0	0	0	0	0	0	0	0	0	0	0	0.1	0.1	0	0	0.2	0.1	0	0
2015	1	1	0	0	17	0	0	0	0	0	0	0	0	0	0	0	0	0	0.025	0.125	0.1	0.05	0.025	0.125	0.025	0.025
2016	1	1	0	0	12	0	0	0	0	0	0	0	0	0	0	0	0	0	0	0.0837	0.0215	0.1824	0.1266	0.0858	0	0
2017	1	1	0	0	21	0	0	0	0	0	0	0	0.0064	0	0	0.009	0	0	0.0128	0.0064	0.1542	0.083	0.1224	0.0995	0.0064	0
2018	1	1	0	0	15	0	0	0	0	0	0	0	0	0	0	0.0484	0.0645	0	0.0484	0.0645	0.129	0.0806	0.0645	0	0	0
2019	1	1	0	0	20	0	0	0	0	0	0	0	0	0	0.004	0.0081	0.0121	0.0214	0.0283	0.1136	0.1738	0.0987	0.04	0	0	0
2020	1	1	0	0	20	0	0	0	0	0	0	0	0	0	0	0	0	0.016	0.0231	0.1022	0.1739	0.1238	0.0427	0.0092	0.0061	0.0031

1980	1	2	0	0	11	0	0	0	0	0	0	0	1	1	3	0	0	0	0	1	0	1	2	1	1	0
1981	1	2	0	0	7	0	0	0	0	0	0	0	0	0	0	0	1	0	1	1	0	1	1	1	0	1
1982	1	2	0	0	8	0	0	0	0	0	0	0	0	0	2	0	0	0	1	0	0	2	1	2	0	0
1983	1	2	0	0	62	0	0	0	0	1	0	0	1	1	0	1	3	2	4	2	6	11	3	11	5	11
1984	1	2	0	0	28	0	0	0	0	0	0	2	1	4	1	3	2	2	0	3	2	3	1	1	0	3
1985	1	2	0	0	36	0	0	0	0	0	0	2	0	4	2	2	1	3	5	4	5	2	1	1	0	4
1986	1	2	0	0	44	0	0	0	0	0	0	0	2	1	2	8	6	5	4	5	2	2	2	2	3	0
1987	1	2	0	0	8	0	0	0	0	0	0	0	2	1	1	1	0	0	0	1	0	0	1	1	0	0
1988	1	2	0	0	7	0	0	0	0	0	0	1	3	1	0	0	0	0	0	2	0	0	0	0	0	0
1989	1	2	0	0	51	0	0	0	1	1	0	1	2	6	6	10	5	4	5	1	5	2	0	2	0	0
1993	1	2	0	0	57	0	1	0	0	0	0	0	1	4	1	3	4	10	8	5	4	6	5	1	0	4
1994	1	2	0	0	29	0	0	0	0	0	0	0	0	2	0	1	5	9	5	1	3	0	1	2	0	0
1995	1	2	0	0	18	0	0	0	0	0	0	2	2	0	1	2	2	5	1	2	1	0	0	0	0	0
1996	1	2	0	0	43	0	0	0	0	1	0	3	4	2	8	4	7	9	0	3	0	0	1	0	0	1
1997	1	2	0	0	79	0	0	0	0	3	3	1	12	6	14	17	11	4	7	0	0	1	0	0	0	0
1998	1	2	0	0	60	0	1	1	1	0	2	4	12	4	8	8	4	4	3	1	4	2	0	0	0	1
1999	1	2	0	0	72	0	0	0	0	1	1	1	5	8	7	6	17	11	7	4	1	1	0	0	1	1
2000	1	2	0	0	46	0	0	0	0	0	0	2	0	11	2	4	6	11	4	2	4	0	0	0	0	0
2001	1	2	0	0	32	0	0	0	0	0	0	0	0	3	4	10	4	1	4	3	3	0	0	0	0	0
2002	1	2	0	0	5	0	0	0	0	0	0	0	0	1	0	0	1	1	0	1	0	1	0	0	0	0
2003	1	2	0	0	56	0	0	0	0	0	0	1	1	3	5	14	13	7	3	3	5	1	0	0	0	0
2004	1	2	0	0	119	0	0	0	0	0	0	1	2	2	15	31	31	17	7	5	3	3	0	1	0	1
2005	1	2	0	0	215	0	0	0	0	0	0	0	0	3	4	18	33	30	33	38	20	15	9	7	0	5
2006	1	2	0	0	417	0	0	0	0	0	0	2	0	4	5	37	80	110	80	50	32	12	4	0	1	0
2007	1	2	0	0	552	0	0	0	0	0	1	1	1	4	12	39	119	104	91	80	53	25	12	7	3	0
2008	1	2	0	0	327	0	0	0	0	0	1	2	3	9	19	40	41	51	33	40	31	28	17	6	0	6
2009	1	2	0	0	317	0	0	0	0	0	0	0	14	19	22	28	51	53	44	33	20	13	10	8	2	0
2010	1	2	0	0	144	0	0	0	0	0	0	0	3	9	6	19	27	15	12	5	12	17	8	3	5	3
2011	1	2	0	0	205	0	0	0	0	0	0	1	2	3	11	22	24	25	20	24	23	24	14	7	4	1
2012	1	2	0	0	270	0	0	0	0	0	0	0	3	2	4	25	39	35	35	28	37	40	14	5	2	1
2013	1	2	0	0	189	0	0	0	0	1	0	0	0	1	3	7	9	10	23	26	36	38	21	12	1	1
2014	1	2	0	0	126	0	0	0	0	0	0	3	4	6	0	4	10	6	8	16	18	21	20	6	3	1
2015	1	2	0	0	375	0	0	0	0	0	0	8	16	29	37	30	27	34	41	55	31	33	20	9	3	2
2016	1	2	0	0	439	0	0	0	0	0	2	6	19	41	51	56	43	30	36	37	51	36	21	5	5	0
2017	1	2	0	0	456	0	0	0	0	0	1	2	5	18	38	47	28	35	36	75	65	52	40	9	4	1
2018	1	2	0	0	419	0	0	0	0	0	0	0	1	7	24	38	41	38	38	60	68	60	32	10	2	0
2019	1	2	0	0	463	0	0	0	0	0	0	0	1	5	11	40	49	54	55	66	56	71	39	13	2	1

-9999	0	0	0	0	0	0	0	0	0	0	0	0	0	0	0	0	0	0	0	0	0	0	0	0	0	0
#
90 #_N_age_bins
1	2	3	4	5	6	7	8	9	10	11	12	13	14	15	16	17	18	19	20	21	22	23	24	25	26	27	28	29	30	31	32	33	34	35	36	37	38	39	40	41	42	43	44	45	46	47	48	49	50	51	52	53	54	55	56	57	58	59	60	61	62	63	64	65	66	67	68	69	70	71	72	73	74	75	76	77	78	79	80	81	82	83	84	85	86	87	88	89	90
1 #_N_ageerror_definitions
-1	-1	-1	-1	-1	-1	-1	-1	-1	-1	-1	-1	-1	-1	-1	-1	-1	-1	-1	-1	-1	-1	-1	-1	-1	-1	-1	-1	-1	-1	-1	-1	-1	-1	-1	-1	-1	-1	-1	-1	-1	-1	-1	-1	-1	-1	-1	-1	-1	-1	-1	-1	-1	-1	-1	-1	-1	-1	-1	-1	-1	-1	-1	-1	-1	-1	-1	-1	-1	-1	-1	-1	-1	-1	-1	-1	-1	-1	-1	-1	-1	-1	-1	-1	-1	-1	-1	-1	-1	-1	-1
0.01	0.01	0.01	0.01	0.01	0.01	0.01	0.01	0.01	0.01	0.01	0.01	0.01	0.01	0.01	0.01	0.01	0.01	0.01	0.01	0.01	0.01	0.01	0.01	0.01	0.01	0.01	0.01	0.01	0.01	0.01	0.01	0.01	0.01	0.01	0.01	0.01	0.01	0.01	0.01	0.01	0.01	0.01	0.01	0.01	0.01	0.01	0.01	0.01	0.01	0.01	0.01	0.01	0.01	0.01	0.01	0.01	0.01	0.01	0.01	0.01	0.01	0.01	0.01	0.01	0.01	0.01	0.01	0.01	0.01	0.01	0.01	0.01	0.01	0.01	0.01	0.01	0.01	0.01	0.01	0.01	0.01	0.01	0.01	0.01	0.01	0.01	0.01	0.01	0.01	0.01
#_mintailcomp: upper and lower distribution for females and males separately are accumulated until exceeding this level.
#_addtocomp:  after accumulation of tails; this value added to all bins
#_combM+F: males and females treated as combined gender below this bin number 
#_compressbins: accumulate upper tail by this number of bins; acts simultaneous with mintailcomp; set=0 for no forced accumulation
#_Comp_Error:  0=multinomial, 1=dirichlet
#_ParmSelect:  parm number for dirichlet
#_minsamplesize: minimum sample size; set to 1 to match 3.24, minimum value is 0.001
#
#_mintailcomp addtocomp combM+F CompressBins CompError ParmSelect minsamplesize
-1 0.0001 1 0 0 0 1 #_fleet:1_CA_Commercial
-1 0.0001 1 0 0 0 1 #_fleet:2_CA_Recreational
2 #_Lbin_method_for_Age_Data: 1=poplenbins; 2=datalenbins; 3=lengths
# sex codes:  0=combined; 1=use female only; 2=use male only; 3=use both as joint sexxlength distribution
# partition codes:  (0=combined; 1=discard; 2=retained
#_yr month fleet sex part ageerr Lbin_lo Lbin_hi Nsamp datavector(female-male)
-9999	0	0	0	0	0	0	0	0	0	0	0	0	0	0	0	0	0	0	0	0	0	0	0	0	0	0	0	0	0	0	0	0	0	0	0	0	0	0	0	0	0	0	0	0	0	0	0	0	0	0	0	0	0	0	0	0	0	0	0	0	0	0	0	0	0	0	0	0	0	0	0	0	0	0	0	0	0	0	0	0	0	0	0	0	0	0	0	0	0	0	0	0	0	0	0	0	0	0
#
0 #_Use_MeanSize-at-Age_obs (0/1)
#
0 #_N_environ_variables
# -2 in yr will subtract mean for that env_var; -1 will subtract mean and divide by stddev (e.g. Z-score)
#Yr Variable Value
#
0 # N sizefreq methods to read 
#
0 # do tags (0/1)
#
0 #    morphcomp data(0/1) 
#  Nobs, Nmorphs, mincomp
#  yr, seas, type, partition, Nsamp, datavector_by_Nmorphs
#
0  #  Do dataread for selectivity priors(0/1)
# Yr, Seas, Fleet,  Age/Size,  Bin,  selex_prior,  prior_sd
# feature not yet implemented
#
999